TRACE: 2023/12/18 16:30:01.156905 handler.go:10: calculationHandler
TRACE: 2023/12/18 16:34:44.383464 handler.go:10: calculationHandler
TRACE: 2023/12/18 16:34:45.629959 handler.go:10: calculationHandler
TRACE: 2023/12/18 16:35:31.301881 handler.go:10: calculationHandler
